В[20]
П[14]
 [3,4,5,6,7,8,9,10,11,19,28,31,31,31,34,36,41,43,43,43,45,47,50,50,50,50,50,50,50,51,51,52]
![24,24,31,31,39,44,44,44]
,[2,4,5,6,7,8,9,10,11,50,50,50,50,50,50]
.[13]
а[21]
0[12,31,31,31,31,31,31,31,31,31]
1[1,11,31,31,50,50]
в[17]
2[4,31,50,50]
3[5,50,50]
4[6,50,50,50]
е[18]
5[7,31,50]
6[8,50]
7[9]
и[16]
8[10,50,50,50]
9[11]
?[50]
р[15]
с[22]
т[19]
H[25]
I[32,50]
K[45]
я[23]
S[37]
W[29]
Y[40]
a[41,43,44,45,47,50]
b[46,52]
c[33,50,51,52]
d[31,44]
e[26,34,36,37,38,43,45,52,52,52]
g[38,43]
h[34,34,50,51,52,52]
i[35,51,52]
j[39]
k[44,45,50]
l[27,27,30,43]
m[52]
n[51,51,51,52]
o[28,29,43,43,43,44,48]
r[30,37,52,52]
s[36,36,42,52]
t[43,43,43,45,49,51]
u[42]
v[49]
y[47,49]
z[48]
